1043 1138 970 1035 1162 1017 826 1024 1222 1132 906 1029 1006 1253 1046 1214 976 1059 1175 1138 1123 968 1022 1116 1049 973 851 1011 1054 1113 1110 816 1003 736 1086 960 1086 1132 932 1101 1093 1016 1160 1083 965 1029 1295 1008 969 1001
1151 1104 996 1004 1109 983 980 1075 1186 1111 952 1090 931 1113 946 1311 987 906 1186 1008 1143 1247 1082 1023 1047 965 804 1037 1082 1185 1176 913 1078 972 1132 907 1112 1042 985 1047 1096 1105 1146 1022 1042 1015 1174 1068 905 904
1081 1027 786 997 1208 987 865 1003 1153 1095 905 995 1092 1225 910 1229 1063 1136 1132 1103 1008 1089 990 961 1052 970 816 1019 901 1021 1083 919 1023 798 1030 966 1081 1011 909 1086 1093 1093 1035 1073 847 1129 1263 998 910 880
1037 1029 877 891 934 925 861 1032 1127 1137 875 861 949 1063 889 1180 1002 980 1062 1000 987 973 882 835 980 919 833 914 987 943 1079 912 880 825 1021 845 1010 1043 902 904 1130 1004 947 1043 929 1002 1195 995 929 850
1129 1028 899 1097 1160 978 916 1129 1325 1083 1043 1083 1019 1292 996 1296 920 954 1231 1188 1194 1149 1081 1129 1079 953 910 1058 1099 1139 1157 850 1023 849 1214 1041 1175 1124 986 1079 1178 1103 1143 1117 1041 1012 1289 1140 926 960
1201 1126 966 1019 1228 1043 971 1162 1312 1257 1046 1052 1069 1309 961 1367 1153 1071 1273 1292 1149 1186 1109 1124 1073 1078 980 1112 1074 1168 1206 952 1023 869 1124 1050 1094 1137 1003 1107 1162 1189 1207 1095 1029 1135 1378 1143 1152 980
1037 1058 936 1070 1193 1002 877 935 1298 1077 1007 1045 1094 1215 955 1349 948 958 1134 1002 1197 1082 1004 1014 1044 977 836 973 958 1185 1151 861 1086 714 1070 944 1094 1127 910 1130 1014 1113 1124 1171 907 952 1285 891 864 919
1055 887 806 882 980 841 771 850 1029 992 834 847 808 1144 904 1077 900 814 1047 1132 937 942 900 830 902 857 830 760 936 837 1075 780 835 769 1000 865 873 1047 823 838 994 992 979 924 769 926 1093 911 813 842
1212 1010 917 1047 1098 948 998 1081 1347 1116 901 1033 1144 1312 1006 1365 1130 1036 1170 1164 1139 1228 984 1029 1070 992 915 973 1075 1077 1201 994 1063 889 1104 989 1151 1151 1058 1103 1226 1188 1128 1053 1016 1081 1351 1029 957 982
1065 1036 932 974 1178 924 839 827 1086 1089 913 1042 1017 1112 886 1132 1029 898 1158 1141 1033 960 1015 987 922 957 779 886 939 954 1112 817 946 882 1087 911 1005 885 801 1056 1042 911 1082 984 952 1033 1110 1011 864 863
1147 1053 975 1030 1303 1149 983 1068 1321 1212 1037 1133 1111 1273 998 1438 1119 1010 1324 1215 1237 1208 1097 1133 1066 1050 1002 1103 1112 1114 1258 920 1023 974 1104 1031 1075 1128 1006 1085 1164 1060 1126 1109 1080 1134 1338 1053 1047 966
1180 1154 1137 909 1204 995 981 1069 1286 1251 983 1115 1018 1348 1050 1312 996 1070 1159 1203 1186 1200 1097 1012 1030 1016 878 905 1013 1105 1207 1103 1018 894 1144 1082 1253 1125 1048 1150 1174 1234 1283 1164 871 1085 1341 987 1031 906
990 1050 968 888 1054 950 809 984 1104 959 817 1065 861 1087 890 1046 938 963 1058 1042 976 970 949 1022 905 938 737 962 863 906 950 871 909 802 915 905 1069 936 858 950 1067 1011 1157 947 841 1031 1087 837 811 887
1155 992 996 942 1092 1011 997 1127 1290 1144 792 1018 1023 1247 990 1224 1067 1026 1075 1136 1230 1110 906 947 990 1123 819 931 1025 994 1024 871 911 835 1074 963 1146 971 933 1041 1263 1060 1126 1005 918 1063 1246 995 966 861
984 933 871 896 951 866 821 944 1101 998 767 898 913 998 756 1100 851 908 976 1016 1055 926 902 834 936 957 789 969 857 921 923 964 948 672 893 835 1112 917 816 945 1015 1023 1020 1039 786 892 1050 862 951 701
1064 1069 986 1007 1120 1042 895 1017 1326 1069 938 1052 892 1287 976 1197 1018 946 1206 1116 1087 1133 1011 931 1063 908 907 976 911 1043 1137 954 1054 862 1025 935 1070 1036 937 1014 1116 1043 1152 1036 829 1063 1268 962 945 922
1225 1172 1047 1066 1235 1142 918 1053 1340 1230 988 1181 1053 1290 967 1264 1107 1086 1291 1315 1189 1082 1076 1122 1171 1102 818 986 1041 1031 1188 893 1004 888 1214 1053 1168 1111 968 1163 1294 1179 1255 1000 958 1172 1329 1174 1031 1060
1030 1075 1001 863 1095 1036 928 965 1205 1075 951 1044 896 1196 923 1185 968 945 1161 1056 1082 1010 981 987 990 979 869 847 926 995 1095 918 1024 757 1027 960 1221 1016 993 956 1091 943 1108 1019 852 970 1151 985 896 805
913 1087 908 884 1104 839 851 993 1243 1020 854 966 1015 1091 952 1182 912 855 1123 1173 1034 1060 1019 957 873 867 818 921 984 1110 1236 873 888 786 1132 896 1144 1133 978 1071 1073 1081 1072 1115 925 936 1210 916 835 860
1056 956 894 908 977 921 906 955 1148 1076 863 1009 966 1106 890 1180 1001 910 1150 1042 1020 1060 1045 932 969 886 797 959 859 1007 1190 880 930 839 1072 900 1103 965 933 1068 1131 949 1010 999 907 1119 1169 1012 844 859
1190 1075 960 1035 1020 982 962 1141 1336 1128 866 937 1026 1272 1053 1266 1117 1035 1109 1176 1183 1116 942 1026 1067 1043 879 1063 928 1067 1123 1005 969 879 1134 891 1144 1078 868 1043 1194 1128 1186 1054 937 1049 1260 982 1039 958
1040 969 855 1015 1133 891 815 827 1133 1035 871 974 1141 1146 813 1081 869 965 1012 1003 1055 1012 890 1015 824 852 745 904 935 1064 1003 825 959 703 971 969 928 866 814 1053 1012 999 1049 893 854 855 1155 930 836 856
1228 1119 1018 1075 1147 1083 1043 1154 1315 1179 904 1172 1038 1214 969 1261 1052 1010 1135 1179 1212 1132 1005 982 1161 1037 939 1073 1091 1094 1216 1002 1001 921 1179 1011 1303 1039 995 1140 1256 1210 1167 1193 1003 1114 1267 1097 1055 912
1054 947 792 862 953 774 835 931 1141 847 778 861 952 1150 917 1091 911 956 996 1028 1107 1021 870 1020 806 844 803 939 939 933 989 786 827 704 840 884 935 899 836 916 1078 1047 1035 849 857 910 1154 840 824 803
987 974 859 932 1010 1095 829 955 1213 1042 783 945 775 1126 847 1181 928 1009 1002 939 1003 903 981 913 955 870 754 983 862 997 892 871 1006 626 924 770 1074 987 820 1043 1006 956 985 981 680 984 1209 895 826 905
1119 1033 868 894 1050 862 845 975 1176 1085 767 1022 1020 1026 901 1051 1043 959 1038 1057 1076 938 891 870 1000 1002 750 1024 804 925 1083 801 861 779 1009 909 1053 857 869 1029 1116 1026 935 949 897 1112 1101 894 888 779
1099 963 905 1061 1079 962 840 1143 1291 1120 894 1016 982 1202 843 1216 916 1001 1143 1185 1142 1084 1016 1085 943 879 862 998 1136 1070 1082 828 877 781 1096 923 1014 1050 917 1044 1181 1140 1127 1067 967 1011 1344 969 904 975
1175 1058 965 1084 1189 1015 948 1020 1294 1113 939 1051 1091 1291 1014 1400 1122 938 1271 1267 1164 1188 1024 991 1146 1012 856 936 1031 1107 1156 951 999 890 1186 993 1165 1101 931 1206 1098 1287 1173 1168 961 1074 1303 1036 1005 933
976 954 826 923 1141 927 879 863 1192 1024 732 889 1033 1184 921 1116 960 977 1083 1044 1145 1091 906 829 808 899 857 911 920 1042 1074 776 901 705 961 931 993 951 931 933 1030 984 953 895 730 912 1160 819 842 755
848 752 682 846 877 834 813 885 1063 848 667 782 938 1065 825 968 899 858 985 895 862 871 842 874 811 776 751 794 851 873 841 719 856 635 858 763 828 816 718 789 934 741 848 775 731 853 945 849 757 723
855 866 803 915 999 983 693 832 1154 966 715 818 932 1075 747 1022 862 929 1021 995 989 891 888 842 816 734 807 795 890 826 974 869 953 665 870 848 857 988 794 1000 984 977 1080 914 648 781 1101 775 885 814
1211 1075 1032 986 967 1015 872 1106 1251 1079 908 996 870 1248 1034 1209 1059 981 1116 1027 1165 1055 936 1003 1002 1017 821 987 955 1090 1064 890 976 902 1022 953 1144 1053 984 1115 1193 1082 1085 997 982 949 1302 1057 992 829
1194 1145 1037 1120 1223 1055 933 946 1388 1169 1035 1056 1124 1424 1126 1418 1082 1083 1267 1206 1224 1224 1001 1090 1029 1073 943 984 1049 1249 1197 914 1092 809 1086 1073 1202 1264 1077 1144 1166 1122 1221 1081 956 1038 1425 1124 1024 986
1045 1055 1012 979 1223 1029 1008 1073 1244 1162 964 1099 1075 1270 989 1444 1105 1026 1238 1087 1118 1146 977 1077 1079 1068 897 953 1022 1152 1097 920 963 904 1093 949 1174 1038 997 1100 1179 1015 1068 1049 921 1123 1378 1026 985 923
1036 962 1036 935 1068 894 881 1002 1148 1107 841 998 956 1174 903 1132 873 832 1088 1102 975 995 909 971 961 901 727 855 947 1059 1043 791 833 730 1149 925 1042 941 956 929 1113 871 986 970 966 947 1182 1031 841 857
1172 933 932 882 943 849 752 930 1116 975 864 907 814 1077 873 1140 980 911 1155 990 1031 904 956 1064 988 812 820 914 1025 840 977 781 942 823 1009 894 901 851 787 1037 1131 973 1005 968 991 1127 1228 990 837 905
951 869 863 873 965 861 806 922 1043 971 917 1007 846 1070 731 1030 839 758 1081 1070 878 950 880 891 787 790 778 856 915 928 1097 871 797 818 1054 929 1071 996 919 880 1028 922 998 962 912 815 1035 1023 872 733
958 1045 938 886 1108 943 884 930 1136 1098 784 982 947 1065 851 1075 990 874 955 949 972 961 898 891 1001 941 793 884 959 1092 960 768 860 669 968 898 1079 803 806 887 1008 982 937 920 835 990 1119 930 841 838
1020 991 959 873 1026 918 843 1043 1186 1154 788 979 947 1113 887 1226 949 939 985 1104 1052 1126 987 914 979 963 805 978 945 1048 1095 859 971 840 967 853 1035 1027 1017 931 1140 1000 1052 966 833 1113 1216 976 889 872
1042 895 806 966 1075 968 874 942 1120 1007 882 953 917 1143 897 1176 940 978 951 1003 1061 1028 923 875 899 905 807 903 851 941 1018 844 950 788 961 869 986 1038 825 1037 1006 1035 1111 1001 771 951 1183 860 907 876
1087 1000 840 905 1113 884 821 963 1151 1149 863 904 966 1088 855 1086 986 844 1029 1065 954 1090 920 813 929 852 847 915 894 1001 1187 936 994 855 999 883 990 961 932 974 1058 982 1011 1013 819 1033 1136 979 913 817
973 840 856 905 1064 853 869 901 927 1030 753 795 773 1018 800 1116 862 824 963 882 977 913 775 866 869 909 798 807 862 944 815 709 757 680 911 786 889 756 788 692 929 834 893 818 762 842 1016 856 786 753
935 946 921 847 1062 977 888 1025 1245 921 844 1010 901 1108 838 1218 1018 816 1208 1088 1090 1073 1048 936 943 852 924 918 1009 932 1076 834 996 781 1098 937 1104 977 969 976 1045 1037 1087 1005 811 920 1132 851 844 769
1096 989 1047 965 1113 986 916 940 1177 1052 995 1005 918 1149 886 1233 887 889 1238 1053 1110 983 920 1030 1004 904 798 903 1014 1034 1055 844 953 801 1095 911 1049 929 931 990 1062 996 1031 1006 1054 991 1255 1107 887 923
1128 932 886 882 943 889 880 964 1072 1066 864 908 882 1144 976 1149 1011 919 1080 1080 1043 1031 1023 1038 998 875 938 894 986 930 1129 856 829 781 916 937 957 1007 858 939 1122 1054 1055 913 921 1109 1223 902 917 925
1068 905 713 950 900 865 640 782 1009 993 770 874 879 1047 757 968 802 953 1016 1001 966 920 844 834 948 794 727 996 926 821 873 713 841 676 827 834 781 814 768 841 1015 842 844 764 819 883 1167 912 762 776
1167 1143 1069 1124 1253 1223 940 1167 1456 1222 956 1150 1102 1405 1126 1360 1186 1209 1298 1255 1243 1147 1142 1139 1222 1075 949 1182 1139 1174 1211 995 1133 899 1101 999 1201 1253 991 1172 1282 1201 1240 1204 1045 1274 1458 1105 1167 1118
967 861 796 857 944 896 803 901 1077 1075 779 992 865 1008 705 1020 870 905 966 978 841 745 888 822 892 893 659 815 803 832 895 886 825 697 954 781 990 876 673 983 963 873 947 1009 627 1066 989 932 883 782
941 786 782 789 859 810 744 902 1014 927 682 881 833 963 731 942 845 717 901 986 865 900 798 838 745 815 694 837 849 825 976 727 682 773 884 801 935 846 816 802 963 899 967 839 803 909 900 897 716 714
980 837 789 841 866 973 800 890 1101 834 718 801 797 1061 828 1074 856 842 942 924 1060 911 828 791 1017 807 770 872 901 812 962 744 872 656 818 776 875 924 805 880 1063 984 943 904 748 924 1074 897 917 789
