2084 2016 2192 2270 2139 2161 2055 2427 2086 2259 1950 2298 2027 2300 2141 2155 2245 2464 2174 2309 2082 1898 2215 2142 2323 1842 1704 1865 2200 2166 2043 1995 2168 2397 2423 1881 2174 2202 2389 1865 2195 2172 1940 2258 2284 1897 2060 2056 2108 1908 2142 2213 2198 1933 2152 2159 1860 1746 2368 2150 2097 1884 1834 2076 2271 2310 2135 2192 2126 2118 2434 2081 2310 2269 2097 2097 2273 1925 1928 2168 2553 2189 2310 2222 1819 2015 1995 2081 2249 2149 1922 2324 1950 2140 2093 2273 1853 1934 2157 2246
2116 2059 2070 2049 1990 2031 1966 2196 2107 2004 1933 2273 1949 2132 2115 1882 1822 2315 2162 2072 1917 1923 2139 1982 1787 1648 1775 2043 2141 1970 1983 2091 2078 2157 2251 1795 2109 2150 2258 1799 2216 2095 1790 2131 1974 2079 2048 1908 1884 1920 2034 1779 2122 1980 2198 2082 1777 1849 2152 2009 1911 1835 1830 1939 1959 2371 2059 2169 2030 2067 2080 1742 2174 2087 1790 2001 2101 1760 1991 1837 2375 2211 2015 1980 1700 1938 1735 2106 2000 2073 2036 2359 1726 2154 2123 2208 1911 1995 1873 2215
2226 2132 2102 2128 2122 2022 1913 2409 2112 2065 2211 2349 2104 2219 2177 2056 2287 2404 2187 2408 2073 1912 2265 2245 2262 1787 1728 2108 2274 2281 2067 1942 2153 2356 2361 1968 2203 2126 2336 2030 2405 2049 1983 2353 2152 2156 2186 2087 1877 1870 2071 2058 2311 1940 2261 2166 1871 1811 2441 2196 2127 1861 2016 2116 2154 2509 2088 2176 2150 2021 2299 1846 2283 2158 2049 2080 2228 1955 2186 2186 2418 2291 2303 2202 1907 1977 1832 2142 2267 2055 1954 2380 1972 2244 2246 2265 1999 2029 2148 2114
2146 2079 1949 2050 1851 1957 1968 2188 2024 2052 2065 2223 1925 2006 2064 2006 2175 2404 2145 2175 1945 1945 2186 2001 1958 1696 1777 1973 2210 2214 1803 2038 2072 2132 2181 1850 2257 2137 2129 1921 2342 2058 1838 1985 2219 1938 1918 2034 1881 2035 2066 1982 2304 1734 2232 2021 1878 1891 2173 2100 1782 1806 1887 1969 2066 2599 2031 2174 1883 2029 2061 1891 2342 2101 2168 2088 2234 1793 2106 1900 2452 2180 2191 2146 1879 2064 1860 1980 2041 2070 2005 2237 1848 2097 2236 2281 1932 1906 1962 2328
1926 1963 1876 1900 2026 1874 1853 2188 2045 2119 1882 2351 1852 1985 2154 2067 2091 2193 2247 2114 1962 1767 2063 2041 1979 1647 1799 2001 1985 1973 1860 1858 2015 2118 2261 1684 2052 1965 2202 1814 2303 2096 1853 2121 1950 1922 1878 2054 1904 1731 2139 1850 2123 1945 2162 1978 1804 1859 2136 1982 1914 1876 1853 1921 2161 2280 2121 2246 1926 1903 2288 1887 2118 2216 2004 2025 2122 1869 2116 1828 2161 2113 2178 2167 1716 1905 1657 2127 2084 1797 1884 2082 1841 2079 2150 2183 1776 1907 1898 2146
1988 1734 1900 1854 1820 1937 1950 2008 2064 1946 1856 2058 1767 1985 1965 2024 1953 2207 2145 2028 1834 1684 1927 1890 2070 1566 1586 1946 2049 2004 1825 1830 1969 2169 2086 1728 2108 1980 2119 1745 2046 1919 1898 2031 1928 1853 1873 1932 1847 1847 2050 1957 1999 1881 1905 1996 1765 1725 2048 2101 1801 1766 1732 2047 2026 2247 2048 2036 1725 1946 2136 1849 2136 2076 1822 1957 1981 1795 1812 1826 2211 1991 1996 2109 1606 1986 1632 1936 2071 1974 1815 2033 1833 1940 2020 2141 1805 1866 1758 2097
2070 1990 2113 1968 2052 2123 1967 2161 2213 2071 1846 2404 1871 2132 1890 2130 2207 2269 2257 2178 1973 1834 2194 2160 2108 1671 1776 2069 2297 2047 1886 1997 2028 2161 2168 2044 2021 2032 2269 2034 2117 1952 1960 2069 2071 1961 2034 2096 1847 1929 2076 1959 2144 2084 1990 2032 1972 1841 2167 2199 1899 1799 1942 2010 2123 2388 1977 2040 1803 1967 2114 1908 2129 2179 1994 1982 2228 1875 1960 2027 2387 2210 2148 2254 1774 1941 1814 2134 2168 1903 1858 2268 1791 1978 2262 2160 1925 1978 2049 2230
2093 1954 1839 1841 1957 1914 1861 2240 2153 1886 1792 2216 1788 1967 1964 1984 2010 2172 2122 2160 2001 1935 2056 1868 1974 1615 1723 1942 1920 1935 1750 1857 1932 2004 2178 1916 1914 1956 2060 1798 1959 1830 1956 2006 1781 2016 2051 1785 1781 1952 2062 1817 2188 1886 1997 1848 1880 1721 2097 2176 1947 1841 1933 1788 2060 2391 2072 2034 1851 1827 2033 1719 2236 2032 1803 1858 1994 1497 1990 1762 2268 2142 2132 2095 1751 1896 1661 2008 2130 1891 1670 2255 1695 1960 2063 2165 1756 1821 1838 2320
1928 1874 2071 1861 1899 1886 1805 2161 1882 2100 1757 2177 1844 1872 2044 2005 1950 2335 1963 2229 1887 1734 1985 1828 1988 1766 1675 1753 1924 1918 1807 1917 2056 2035 2139 1670 1823 1963 1952 1880 2144 1661 1710 1978 1961 1845 1803 1826 1832 1962 1987 2001 2031 1717 2002 1791 1706 1796 2090 1957 1837 1749 1769 1863 1932 2302 1950 1902 1951 1907 2038 1678 1994 2094 2014 1846 2137 1794 1810 1845 2295 2062 2228 2163 1688 1735 1762 1805 1917 1883 1806 2113 1610 1939 2035 2074 1870 1754 1954 2156
2011 1885 1982 2005 1977 1980 1858 2219 2099 1971 1761 2227 1810 2033 1952 1789 1961 2311 2130 2276 1845 1775 2113 2070 1945 1693 1855 1949 2116 2114 1958 1984 1970 2187 2137 1867 1979 1960 2161 1801 2002 1875 1750 2011 2004 2011 1946 2066 1804 1845 2162 1841 2056 1937 2017 1978 1745 1718 2187 2113 2025 1836 1791 1904 1937 2432 2088 2162 1941 1951 2015 1734 1898 2020 1887 2063 2144 1752 2003 1897 2359 2114 2171 2156 1678 1830 1684 2027 2034 1982 1822 2171 1917 1957 2139 2159 1808 1950 1829 2198
2026 1797 1962 1659 1960 1874 1920 2194 2154 1972 1707 2105 1924 1912 1985 1867 2024 2278 1999 1953 1865 1911 2092 1984 2077 1569 1732 1700 2108 1955 1700 1903 1973 2101 2128 2000 1940 1963 2119 1696 2113 2065 1581 1969 1926 1957 1877 2025 1755 1746 1859 1694 2115 1807 2024 1831 1679 1615 2153 1878 1847 1750 1735 1741 2084 2188 2087 2073 1869 1930 2166 1780 2180 1975 1904 1885 2122 1761 1851 1855 2042 1936 2091 1870 1722 1861 1653 1895 2102 1831 1862 2118 1906 1981 2117 1975 1697 1858 1987 1937
2472 2184 2350 2158 2134 2199 2287 2346 2276 2161 2006 2425 2123 2307 2101 2115 2319 2475 2379 2304 2222 1983 2322 2265 2233 1894 1978 2202 2247 2217 2041 2079 2204 2329 2588 1959 2181 2331 2330 1981 2311 2194 2130 2264 2174 2006 2139 2041 2067 2000 2327 2275 2266 2180 2320 2376 2028 1946 2437 2232 2143 1874 1990 2146 2269 2450 2361 2309 2116 2090 2230 2077 2331 2336 2112 2170 2381 1868 2217 2022 2517 2337 2238 2437 1756 2170 1873 2203 2287 2112 2055 2337 2021 2280 2224 2280 2037 2092 1963 2391
2133 1984 2254 2119 2122 2041 1928 2284 2150 2156 1814 2273 2069 2224 1934 2152 2284 2343 2304 2307 2086 1950 2238 2201 2145 1688 1874 1944 2368 2179 1953 2145 2167 2207 2400 1981 1998 2051 2257 1996 2329 2108 2093 2152 2197 2112 2086 2032 1958 2087 2133 2077 2338 1984 2005 2136 2034 1827 2400 2245 2173 1803 1978 2033 2093 2374 2046 2111 1890 2099 2282 2083 2273 2268 2060 1998 2336 1755 2221 2088 2417 1998 2261 2417 1910 2008 1720 2067 2221 1994 1831 2242 1879 2065 2300 2277 1947 1845 2061 2481
2123 2010 2153 2088 2143 2177 2045 2181 2051 2070 1892 2439 2031 2140 2086 1961 2185 2392 2249 2155 2061 1971 2159 2137 2151 1684 1946 1972 2127 2123 2048 2132 1951 2442 2405 1964 2130 2105 2350 1975 2256 2183 1913 2147 2064 1990 2064 2114 1960 1992 2166 2186 2324 2042 2091 2208 1850 1814 2271 2132 2087 1951 1814 2031 2132 2341 2118 2207 1915 2071 2380 1786 2200 2132 2007 1990 2211 1888 2133 1907 2342 2124 2263 2204 1673 2091 1797 2158 2064 2079 1863 2158 2051 2015 2174 2187 1771 2102 2127 2241
1977 2043 2119 2071 2104 1955 1835 2402 2160 1926 1893 2377 1943 2310 2036 1982 2238 2360 2147 2209 2007 1795 2217 2136 2156 1685 1774 2091 2110 2058 1930 1899 2147 2177 2239 1909 2126 2014 2211 1932 2147 1949 1940 2094 2033 2208 1915 2059 1857 1902 1929 1951 2214 2047 2034 2129 1813 1841 2180 2101 2017 1734 2060 1917 1858 2298 2019 1992 1969 1991 2239 1975 2083 2202 1936 1953 2110 1728 1946 1916 2408 2185 2250 2108 1723 1755 1745 2107 2207 2106 1890 2232 1900 2044 2126 2174 1754 1835 1974 2204
2226 2057 2007 2123 2139 2104 2132 2346 2159 2203 1893 2395 1968 2086 2156 2052 2134 2392 2216 2086 2076 1843 2193 2086 2077 1824 1777 1980 2083 1939 2041 2035 2190 2208 2342 1858 2148 2100 2207 1909 2074 1968 1943 2112 2034 2064 2086 2085 1943 1920 2133 1960 2259 2037 2141 2152 1826 1810 2137 2099 2125 1940 1973 1921 2028 2458 2166 2120 1893 2053 2154 1995 2157 2142 2061 2106 2323 1906 2139 1936 2456 2417 2220 2249 1741 1975 1821 2128 2194 2026 2009 2182 1968 2018 2166 2356 1885 2023 1977 2254
2198 1835 1869 1799 1922 2047 1927 2198 2088 2022 1868 2327 1730 1989 1833 1904 2041 2299 2022 2127 1915 1643 2151 2036 2068 1531 1663 1923 1992 2004 1813 1862 2085 2093 2236 1754 2075 2123 2184 1993 2002 1766 2050 2051 1924 1808 2015 1989 1770 1805 2015 1900 2103 1872 1961 1982 1843 1640 2094 2048 1883 1843 1896 1915 2126 2387 2035 1922 1715 1818 2185 1814 1986 2049 1984 1841 2077 1868 1849 1842 2240 2183 2217 2226 1640 1965 1829 1829 2015 1897 1785 2301 1779 2054 2204 2268 1791 1873 1913 2134
2022 2080 2210 2054 1944 1962 1891 2182 2073 2014 1781 2142 1817 2143 2035 1890 2164 2351 2156 2174 2106 1940 2055 1948 2138 1578 1695 1947 2190 2212 1961 1952 2015 2276 2292 1744 2003 1884 2288 1654 2075 1997 1792 2101 2108 1931 1898 1913 1840 1786 2136 2012 2071 1910 2161 2224 1854 1721 2260 2162 1888 1879 1935 1973 2097 2372 1966 2041 1908 1884 2305 1830 2282 2098 1843 2060 2235 1877 2091 1847 2283 2066 2189 2166 1836 2075 1759 2083 2047 1935 1808 2172 1849 2005 2156 2097 1853 1972 1931 2150
1998 2072 1955 1938 2126 1928 1830 2220 2021 1960 1817 2205 1843 1974 2035 1919 2049 2256 2118 2262 2018 1831 2235 1983 2031 1684 1652 2088 2172 2118 1914 1876 2091 2194 2232 1828 2032 1978 2203 1797 2097 1878 1807 1990 1956 1921 2053 2002 1845 1739 2017 1752 2180 1882 1953 1961 1794 1624 2140 2011 2045 1728 1792 1863 2017 2332 2114 2125 1759 1903 2147 1822 2187 2056 1836 1871 2280 1943 2115 1951 2249 2166 2197 2306 1731 1938 1869 2070 2023 1839 1929 2137 1845 1969 2097 2228 1931 1901 1834 2029
2038 1820 2032 1845 1820 1917 1759 1966 2041 1969 1805 2121 1817 2012 2008 1930 2096 2197 2184 2147 1840 1927 1976 1933 1815 1730 1805 1953 2035 2062 1784 2009 2009 2133 2257 1571 2084 1899 2140 1695 2061 2015 1754 2011 2027 1713 1940 1928 1835 1799 2004 1897 1989 1855 2184 1939 1754 1856 1989 1826 1828 1768 1820 1941 2134 2357 1969 2091 1910 1907 2191 1761 2048 1971 1892 1989 1977 1821 2023 1759 2248 2005 2057 2159 1523 1935 1619 2227 2041 1970 1879 2016 1773 2026 2152 2077 1835 1841 1841 1997
2218 2285 2315 2300 2512 2171 2376 2706 2414 2393 2204 2477 2197 2415 2368 2445 2453 2722 2477 2587 2295 2189 2485 2092 2478 2021 2100 2302 2414 2495 2009 2383 2338 2582 2720 2131 2394 2536 2664 2170 2487 2385 2264 2287 2276 2492 2243 2249 2234 2089 2457 2216 2542 2205 2338 2305 2133 2225 2547 2343 2150 2054 2245 2181 2439 2794 2457 2446 2243 2438 2579 2172 2563 2417 2276 2275 2534 2075 2207 2168 2693 2348 2429 2475 2016 2442 2132 2461 2483 2281 2216 2544 2256 2386 2565 2569 2137 2312 2341 2628
2311 2171 2143 2178 2024 2205 1936 2338 2361 2223 1937 2219 1926 2210 2096 2144 2101 2454 2448 2250 2003 1968 2105 2286 2073 1779 1929 2227 2364 2307 1915 2028 2110 2307 2327 1858 2083 1999 2309 1989 2115 1988 1892 2230 2285 2117 2004 1985 1993 1942 2254 2100 2159 1942 2064 2121 1979 1816 2480 2261 1902 1757 1954 2107 2077 2385 2128 2231 1967 2077 2138 1885 2265 2271 2127 2202 2339 1946 2125 2073 2512 2115 2235 2257 1843 2156 1822 2171 2172 2098 1913 2210 1858 2135 2234 2295 1964 2033 2002 2288
2250 2255 2312 2311 2233 2242 2188 2373 2235 2304 2136 2514 2265 2319 2420 2240 2406 2514 2347 2394 2246 2061 2276 2189 2343 1980 2074 2030 2283 2346 2151 2257 2283 2424 2526 2151 2264 2437 2501 2089 2432 2265 1924 2298 2353 2148 2268 2093 2205 2113 2392 2212 2422 2174 2482 2445 1993 2071 2391 2228 2153 2173 1954 2108 2415 2574 2230 2477 2195 2220 2472 2081 2420 2480 2152 2260 2500 2085 2341 2115 2600 2421 2413 2627 1974 2167 2009 2231 2360 2123 2188 2334 2027 2180 2452 2470 2092 2279 2164 2406
2209 1969 2007 2090 2052 2112 1824 2217 2240 2212 1886 2320 1901 2058 2084 1987 2226 2347 2229 2300 2049 1951 2199 2065 1997 1659 1788 1969 2279 2032 1902 2111 2129 2224 2355 1860 2126 1936 2203 1902 2040 1949 2119 2193 2004 1938 2075 2140 1794 1773 2049 1873 2280 2047 2142 2132 1754 1807 2104 2213 2090 1891 2069 1991 2030 2512 2261 2146 1846 2137 2208 1872 2123 2140 1963 2202 2055 1915 2071 1862 2407 2280 2173 2374 1806 1978 1760 2142 2196 2040 1977 2178 1905 1998 2151 2148 1845 1938 1961 2235
2094 1978 2207 2183 2193 2177 2070 2411 2255 2252 2086 2487 2025 2214 2226 2162 2157 2398 2154 2395 2121 1929 2268 2226 2166 1698 1937 2133 2340 2197 1962 2074 2234 2353 2317 1921 2159 2265 2313 1889 2425 2215 1962 2216 2184 2043 2056 2265 1961 1875 2116 2069 2273 1933 2150 2128 1857 1967 2286 2171 2178 2096 2037 1946 2262 2504 2217 2239 2098 2148 2355 1871 2379 2279 2224 1996 2577 2048 2136 2009 2379 2374 2388 2142 1955 2055 1765 2131 2172 2113 2016 2224 2041 2093 2215 2360 1837 1963 2134 2243
2356 2032 2200 2267 2345 2280 2138 2579 2267 2324 2008 2475 2056 2260 2180 2225 2324 2738 2356 2487 2113 1985 2400 2168 2258 1950 1945 2193 2296 2316 2082 2090 2333 2474 2457 1939 2266 2274 2447 2093 2368 2163 2236 2370 2260 2091 2284 2208 2231 2092 2392 2149 2278 2119 2364 2361 2149 2107 2518 2309 2173 2142 2086 2075 2298 2666 2259 2320 2276 2224 2526 2019 2388 2292 2177 2269 2548 1927 2305 2138 2567 2269 2317 2481 1969 2256 2010 2384 2353 2055 2095 2481 2126 2242 2378 2471 2071 2104 2191 2468
2084 2018 2048 2017 2156 1945 1897 2184 2260 2130 1855 2335 1832 2173 1960 2144 2108 2282 2068 2142 2195 1925 2146 2093 2114 1668 1839 2025 2079 2161 1835 1872 2023 2208 2269 1771 2027 2045 2132 1895 2186 1901 1908 2144 1967 1985 1911 2085 1789 1823 2224 1936 2144 1966 2095 1973 1898 1852 2222 2093 1967 1950 1788 1873 2099 2332 2146 2111 1937 1901 2152 1946 2141 2109 2092 1871 2194 1896 2134 2000 2257 2123 2388 2196 1846 1926 1764 2041 2175 2025 1877 2257 1782 2069 2138 2224 1740 1885 2005 2192
2069 1941 2029 2020 2029 1908 1943 2336 2157 2015 1898 2205 2047 2117 2208 2016 2117 2238 2168 2329 2123 1899 2236 2100 2168 1788 1816 2004 2042 2328 1976 1892 2137 2157 2312 1863 2201 2133 2162 1566 2349 1947 1912 2169 2014 2011 1981 1843 1892 1903 2096 2206 2115 1930 2206 2006 1723 1929 2236 2033 1995 1831 1954 1865 2199 2351 2105 2055 2103 2121 2245 1844 2133 2034 2167 1913 2197 1760 2110 1954 2297 2227 2183 2088 1721 1880 1691 2130 2164 1982 1928 2130 1832 2205 2091 2262 1858 2027 1865 2168
2036 2095 2073 2024 1969 2053 2029 2448 2162 2047 1781 2180 2049 2087 2057 1918 2016 2347 2243 2255 1936 1769 2319 1965 2022 1757 1973 2117 2166 2218 1957 1912 2219 2329 2174 1861 2026 1940 2270 1962 2170 1899 1952 2303 1988 1999 2060 1908 1881 2020 2063 1891 2275 1986 1984 2051 1809 1874 2278 2029 2039 1881 1941 1872 2014 2350 2223 2179 2089 2139 2178 1765 2133 2090 1991 2092 2214 1684 2110 1691 2392 2165 2096 2167 1660 2044 1751 2146 2178 1906 1688 2272 1901 2104 2041 2078 1924 1832 1843 2297
1934 1983 2053 1952 1917 1942 1930 2279 2127 1979 1874 2127 1899 1896 1873 2070 1978 2210 2078 2129 2034 1891 2017 2008 2101 1738 1789 1853 2145 2102 1923 1897 1944 2184 2047 1955 1880 1876 2190 1957 2233 1926 1989 2043 1941 1977 1908 1989 1810 1971 2012 1888 2119 1799 1961 2000 1984 1763 2266 2120 1919 1874 1845 1829 1988 2294 2070 2177 1915 1978 2028 1820 2263 2068 1896 1959 2222 1676 2114 1941 2304 2102 2063 2091 1923 1805 1677 2164 2149 1875 1652 2003 1742 1884 2149 2087 1778 1834 1835 2255
2296 2056 2119 2161 2135 2164 2091 2336 2212 2138 2056 2182 2200 2125 2060 2125 2119 2524 2115 2267 2098 1879 2125 2136 2199 1812 1853 2092 2270 2149 1999 1992 2289 2386 2473 1884 2132 2093 2421 1968 2098 2050 2117 2214 1964 2150 2111 2069 1909 1883 2097 2112 2189 2033 2141 2318 1863 2000 2258 2213 2078 1798 2040 2110 2089 2449 2181 2117 2015 2107 2230 1951 2378 2126 2114 2070 2289 1879 2004 2020 2365 2158 2392 2261 1790 2076 1748 2274 2163 2103 1915 2282 2014 2179 2316 2276 1856 2081 2037 2115
2182 2165 2265 2201 1930 2029 2094 2383 2226 2274 1918 2398 2048 2208 2159 2150 2234 2446 2458 2292 1984 1922 2237 2133 2126 1940 2093 2182 2265 2381 1916 2176 2275 2314 2506 2027 2158 2051 2226 2046 2342 2149 2089 2102 2110 2051 2053 2048 2238 1957 2395 2068 2409 2105 2230 2105 2024 2006 2405 2173 1989 1833 1976 2095 2206 2484 2311 2480 1876 2133 2310 1944 2300 2363 2014 2253 2350 1935 2234 2118 2577 2159 2222 2512 1700 2023 1837 2287 2254 1971 2077 2181 1941 2206 2409 2407 2125 1999 1963 2415
2116 1952 2081 1922 2061 2029 2072 2269 2100 2140 1961 2298 1991 2199 2063 1925 2135 2415 2146 2158 2007 1855 2206 2111 2071 1662 1865 1783 2133 2194 1886 2024 2076 2212 2291 1862 2112 2093 2332 1962 2138 2052 1890 2191 2226 2068 2013 2032 1845 1914 2126 2007 2235 1940 2083 2220 1915 1788 2330 2093 1939 1993 1958 1909 2144 2330 2111 1986 2007 1947 2284 1996 2217 2075 2130 2009 2224 1640 2143 1918 2439 2067 2141 2202 1850 2035 1697 2068 2238 1852 1716 2299 1891 1959 2130 2164 1747 1906 2100 2266
2270 2038 2143 2120 2124 2145 1986 2374 2188 2261 2041 2345 2188 2157 2110 2147 2176 2463 2060 2336 1895 1851 2249 2236 2186 1777 1889 2001 2239 2107 1931 2021 2165 2426 2299 1959 1994 1988 2441 2064 2234 2082 2051 2376 2135 1897 2130 2091 1996 2001 2087 2177 2258 1921 2197 2122 1996 1857 2480 2213 2078 1982 1870 1968 2293 2587 2064 2312 2100 2159 2315 1915 2321 2096 2165 2164 2424 1955 2117 2132 2463 2278 2341 2188 1829 2098 1801 2164 2176 2053 1843 2239 1894 2205 2275 2301 1910 2019 2086 2365
1946 1899 1794 1833 1911 1822 1813 2024 1923 1978 1709 2107 1715 1776 1963 1975 1947 2125 2008 2047 1910 1649 1942 1922 2001 1639 1796 1816 1953 2048 1726 1790 1976 1860 2149 1669 1845 1862 1824 1764 1907 1754 1936 2006 1740 1739 1778 1794 1799 1658 2073 1785 2007 1787 1990 1769 1722 1673 2228 1930 1593 1642 1739 1732 1950 2240 1937 1949 1747 1705 2008 1790 1962 2071 1803 1957 2047 1664 1885 1834 2178 1899 1865 2096 1582 1873 1661 1947 2046 1799 1764 2000 1743 1940 1888 2045 1799 1744 1817 1983
2024 1876 1964 1966 1876 1970 1971 2155 2118 1921 1633 2129 1876 2111 1882 1839 2186 2185 2262 2009 1859 1867 2029 1945 1952 1579 1752 1989 2071 1931 1946 2000 2053 2024 2211 1753 1989 1828 2252 1631 2181 2017 1773 2021 1893 1805 1933 2048 1906 1980 2050 1874 1972 1931 2060 1937 1780 1713 1999 2005 1847 1845 1763 1975 2054 2296 2017 1951 1932 1859 2017 1734 2103 2031 1750 1826 2077 1746 2039 1898 2121 2110 1992 1990 1614 1949 1672 1955 2108 1915 1707 2232 1687 2012 2159 2050 1727 1883 2007 2088
1946 1775 1983 1919 1874 1873 1880 2083 1978 1959 1869 1983 1769 2060 1866 1911 1870 2110 1948 2224 1777 1685 2031 1884 1905 1837 1872 1880 2006 2133 1749 1778 2063 2011 2037 1572 2036 1850 2196 1668 1972 1648 1917 2004 1899 1973 1757 1800 1867 1740 2168 1885 1916 1838 1836 1994 1746 1750 2094 2038 1904 1675 1726 1919 1871 2368 1947 1892 1883 1778 1908 1755 2070 1848 2007 1906 2040 1581 2004 1765 2317 1904 1939 2040 1577 1836 1574 2026 1861 1939 1774 2060 1668 1959 2073 2079 1743 1817 1888 2150
2466 2294 2315 2300 2162 2171 2274 2312 2376 2339 2071 2420 2158 2297 2219 2312 2339 2509 2423 2358 2143 2002 2339 2207 2289 1890 2022 2265 2419 2321 2259 2289 2288 2389 2532 2073 2302 2389 2453 2006 2515 2290 2021 2269 2437 2174 2154 2069 2241 2115 2334 2151 2551 2197 2401 2447 2136 2107 2560 2312 2079 2118 1963 2228 2328 2480 2293 2535 2119 2204 2271 2202 2522 2474 2215 2323 2567 2107 2433 2067 2553 2441 2423 2533 1915 2165 1928 2267 2420 2177 2145 2430 1946 2220 2431 2461 2046 1998 2070 2629
2196 2005 2107 2119 1942 2062 2113 2258 2199 2024 1922 2211 2018 2185 2145 2158 2200 2281 2220 2321 2031 1891 2290 2040 2166 1874 1694 2204 2147 2085 1972 2038 2152 2281 2279 1854 2166 2094 2141 1990 2209 2082 2021 2253 1992 1979 1989 1862 1817 1852 2181 1945 2368 2066 2101 2151 2024 1835 2258 2095 2070 1933 1909 2013 2069 2507 2093 2115 1967 1879 2143 1962 2337 2145 2059 1982 2287 1779 2204 2041 2328 2350 2200 2241 1727 2081 1874 2057 2272 2047 1913 2192 1819 2049 2123 2428 1851 1958 1998 2427
2202 1971 2200 2001 2075 2026 1940 2341 2238 2324 1877 2380 1910 2106 2075 2084 2190 2369 2025 2273 2061 1818 2311 2089 2108 1763 2036 1965 2199 2122 1766 2074 2067 2308 2320 1901 2145 2123 2385 1916 2281 2055 1999 2064 2134 1984 1865 2161 1901 2006 2258 2116 2250 2083 2233 2173 1998 1866 2253 2194 2009 1751 1835 2102 2236 2445 2184 2182 1944 2162 2170 2039 2217 2222 2055 2096 2328 1858 2103 1883 2339 2187 2190 2275 1753 2007 1919 2097 2143 1955 2059 2254 1892 2103 2270 2306 2028 1988 2053 2318
2152 1997 2092 2025 2213 2164 2022 2379 2168 2184 2071 2337 1902 2177 2026 2035 2120 2534 2206 2202 2026 1813 2293 2144 2162 1728 1746 1967 2309 2117 1971 1922 2195 2116 2252 1903 2116 2077 2330 1985 2408 1976 1951 2154 2072 2084 2045 2177 2026 1919 2307 1882 2140 1976 2072 2157 1907 1952 2200 2102 2008 1941 2015 1935 2110 2438 1991 2003 1954 1979 2113 1824 2118 2147 2098 2012 2200 1833 2231 2078 2362 2153 2165 2257 1838 1903 1839 2143 2056 1899 2030 2274 2041 2121 2290 2213 1975 1906 2121 2116
2315 2186 2165 2134 2161 2134 2096 2428 2193 2148 1993 2461 2083 2155 2090 2063 2283 2495 2247 2302 2063 2092 2304 2112 2104 1764 1927 2041 2189 2254 2168 2054 2203 2392 2392 1895 2244 2314 2323 1926 2290 2154 1900 2217 2138 2045 2231 2114 2051 2184 2269 2091 2330 2160 2355 2148 2010 1953 2232 2340 2129 2083 2048 2052 2215 2550 2228 2307 2079 2125 2345 1789 2370 2360 1851 2022 2288 1842 2134 2092 2567 2369 2397 2306 1836 2206 1921 2176 2163 2142 2098 2388 1986 2154 2309 2311 2018 2030 2105 2366
2111 1972 2111 1937 2078 2154 2026 2258 2264 2106 1815 2375 2052 2268 2096 2107 2174 2383 2144 2233 2156 1903 2167 2189 2241 1731 1722 1984 2157 2017 1947 2030 2136 2262 2420 1860 1993 2142 2344 1885 2213 2177 2099 2021 2113 1878 2047 2130 2020 1752 2162 1988 2176 2000 2292 2192 1811 1938 2319 2219 2143 1797 2025 1901 2054 2455 2185 2197 1916 2049 2286 2077 2357 2235 2093 2140 2370 1859 2079 1886 2396 2325 2129 2269 1950 1979 1784 2162 2215 1910 2123 2301 2022 2135 2224 2130 1811 1924 1977 2292
2087 1886 2025 2038 2105 1998 1963 2303 2153 2229 1852 2323 1845 2231 2112 2107 2163 2449 2291 2265 2021 2106 2090 2239 2066 1852 1878 2089 2223 2281 1828 1974 2078 2289 2411 1879 2212 2038 2246 2063 2104 2199 1990 2072 2044 2005 2046 2020 1951 1888 2248 2068 2164 2056 2017 2027 2020 1834 2224 2155 1982 1734 1779 1993 2217 2558 2136 2207 1907 2043 2329 1864 2243 2231 2212 1952 2268 1882 1983 2224 2464 2287 2306 2193 1856 2130 1726 2102 2263 2060 1908 2319 1882 2114 2128 2236 1870 2110 2076 2158
2059 2132 2185 2156 2151 2159 2105 2675 2209 2261 2112 2374 2121 2152 2338 2191 2296 2587 2237 2439 2090 2013 2324 2129 2238 1812 1863 2020 2333 2234 2276 2095 2177 2453 2326 1992 2106 2105 2456 2065 2403 2265 2020 2322 2248 2103 2005 2281 2041 2209 2174 2078 2273 1907 2232 2261 2190 1956 2290 2201 2105 2149 2110 2040 2317 2627 2140 2190 2127 2171 2376 1868 2460 2246 2067 2207 2307 1936 2123 2019 2614 2399 2275 2235 2023 2144 1869 2322 2242 2145 1989 2449 1918 2231 2415 2290 2019 1979 2213 2364
2289 2216 2184 2200 2171 2095 2079 2280 2313 2197 2002 2415 2132 2113 2228 2153 2330 2603 2277 2499 2255 2009 2307 2175 2089 1697 1959 2075 2181 2463 1942 2041 2083 2367 2436 1810 2233 2173 2226 2081 2273 2092 2239 2192 1981 2093 2174 2089 1923 2090 2207 2145 2296 2254 2320 2199 2022 1973 2399 2245 2053 1949 1995 2078 2230 2625 2257 2100 2212 1998 2262 2050 2227 2290 1994 1972 2465 1824 2059 2216 2509 2131 2469 2514 1931 2134 1928 2302 2386 2036 2032 2291 1866 2111 2319 2432 1966 2043 2055 2275
1939 1814 1735 1778 1896 1696 1762 1946 1913 2110 1611 2022 1792 1806 1920 1767 1859 2016 2023 1860 1843 1666 1830 1878 1681 1435 1602 1755 1885 1920 1698 1948 1789 1859 2130 1576 1848 1828 1812 1737 1893 1786 1738 1878 1630 1678 1803 1775 1598 1630 1897 1704 1949 1772 1818 1702 1570 1648 1997 1815 1607 1579 1709 1749 1873 1945 1883 1749 1848 1712 1795 1644 1917 1937 1711 1631 1946 1628 1884 1827 2099 1897 1876 1810 1498 1842 1571 1767 1934 1669 1582 1933 1583 1898 1817 1978 1596 1723 1868 1779
2086 1895 2117 2004 2127 2050 1902 2157 1948 2112 1801 2240 1953 2100 1944 2116 2096 2290 2027 2115 1926 1790 2011 2153 2023 1655 1855 1868 1947 1868 1819 1868 2095 2130 2185 1869 2024 1980 2122 1889 2103 2028 2034 2103 1991 1947 2082 1991 1883 1754 2094 2088 1973 1903 1997 2140 1791 1835 2142 2103 2053 1824 1792 2026 2107 2370 2015 2079 1921 1966 2292 1819 2139 2145 1957 1928 2117 1873 1985 1973 2306 2109 2155 2177 1805 1967 1678 2093 1964 2047 1848 2075 1715 1915 2121 2133 1717 1957 2022 2221
2249 2151 2236 2076 2145 2079 2273 2611 2467 2270 1969 2638 2153 2219 2157 2024 2336 2444 2451 2390 2153 1948 2462 2221 2321 1916 1844 2158 2408 2277 2190 2177 2234 2542 2477 2104 2297 2111 2533 2102 2346 2166 2096 2186 2295 2124 2165 2346 2075 2137 2310 2081 2370 2199 2300 2176 2105 1952 2373 2369 2103 2070 2153 2113 2264 2743 2351 2378 2095 2240 2509 2084 2447 2364 2200 2160 2370 2046 2305 1990 2574 2464 2406 2232 1882 2197 1970 2242 2391 2104 1923 2566 2093 2373 2483 2322 2018 2185 2168 2509
2026 1979 2054 1939 1977 1927 1896 2244 2106 2006 1918 2092 2179 1881 2071 2035 1947 2450 2031 2122 1853 1874 2010 2046 2032 1625 1821 1986 2113 2143 1773 1924 2042 2254 2246 1889 1927 1843 2265 1979 2305 2101 2063 2097 2036 2048 1925 1894 1900 1858 2027 1889 2260 1890 1959 2039 1902 1741 2464 2000 1911 1874 1868 1918 2094 2420 1992 2190 1911 1906 2184 1768 2268 2039 1864 1965 2306 1812 2022 1858 2241 1856 2167 2131 1830 2019 1771 2128 1972 1855 1957 2247 1828 2026 2221 2309 2003 1873 1950 2251
2240 2024 2225 2165 2007 2147 2054 2363 2224 2209 1901 2277 1901 2116 2093 2190 2294 2342 2338 2350 2066 2018 2073 2008 2084 1779 1823 2006 2264 2137 2091 2123 2122 2333 2292 1988 2207 2160 2342 2053 2077 2087 2033 2170 2047 2051 2016 2046 1837 1899 2129 1984 2056 2048 2227 2324 2077 1971 2195 2330 1935 1886 1979 2055 1967 2490 2300 2196 1943 2006 2256 1866 2455 2459 1969 2087 2343 1806 2060 2102 2414 2176 2310 2312 1778 2116 1683 2094 2242 2040 1957 2193 1900 2046 2321 2266 1896 2084 2065 2439
2222 2202 2176 2161 2203 2114 2202 2488 2249 2304 2081 2318 2025 2156 2227 2232 2249 2681 2355 2423 2205 2032 2266 2079 2358 1674 1856 2234 2395 2349 2014 2204 2183 2307 2520 1954 2230 2179 2288 2113 2408 2117 2116 2282 2089 2289 2000 2374 1996 2196 2449 2100 2334 2015 2303 2122 2114 2020 2428 2272 1976 2071 2146 2170 2163 2577 2388 2222 2067 2239 2432 2096 2334 2386 2082 2226 2336 2096 2162 2071 2640 2259 2380 2390 1936 2254 2010 2228 2429 2028 1964 2455 2075 2311 2380 2461 1997 2126 2131 2428
1902 1916 1830 1758 2016 1847 1904 2180 1978 2033 1893 2107 1976 2022 1943 1780 2003 2263 2055 2064 2064 1790 2181 1960 1966 1601 1753 1892 1952 2033 1863 1869 1821 1943 2110 1812 1860 1968 2206 1737 2069 1976 1792 2071 1889 1968 1936 1835 1945 1949 2039 1762 2062 1792 2056 2019 1766 1807 2157 2002 1783 1835 1916 1897 2145 2199 1959 1996 1895 1754 2141 1705 2008 1964 1844 1861 2049 1559 2002 1701 2230 2088 2006 2036 1768 1924 1704 1972 2008 1787 1734 2081 1744 1968 2072 1990 1833 1768 1990 2038
1889 1905 2082 1995 1998 2006 1875 1973 2025 1999 1686 1963 1835 2153 1968 1902 2090 2311 2079 2022 2048 1820 2016 1855 1924 1497 1599 1925 2194 1942 1796 1887 1978 2051 2211 1770 1993 1852 2254 1687 2084 1987 1818 2011 2107 1802 1790 1861 1789 1773 1909 2020 2053 1757 1968 1897 1718 1622 2279 2000 1794 1697 1643 1799 2028 2211 1992 1949 1875 1954 2145 1893 2088 2027 1757 1949 2174 1755 2007 1716 2181 1956 1988 2129 1684 1987 1794 1965 2060 2023 1701 2068 1637 1915 1947 2099 1758 1830 1994 2026
1979 1886 1778 1977 1923 1777 1644 2163 1979 1994 1879 2002 1797 2000 2054 1898 2136 2157 2097 2102 1909 1824 2050 1909 1966 1719 1565 1838 1992 2058 1831 1849 2005 1964 2180 1697 2004 1859 2093 1727 1984 1980 1889 1928 1866 1911 1872 1859 1789 1734 1982 1813 1941 1800 1901 1882 1716 1596 2093 1905 1818 1635 1718 1906 1961 2301 1828 1912 1839 1897 2008 1868 1971 2077 1885 1890 1998 1775 1826 1997 2356 2140 2019 2014 1741 1794 1658 1963 2319 1902 1750 2057 1669 2020 1942 2031 1731 1874 1818 2016
2236 2239 2251 2250 2224 2125 2012 2441 2213 2388 1946 2530 2174 2285 2120 2171 2407 2538 2386 2345 2144 2058 2354 2129 2166 1925 1894 2111 2295 2266 2170 2114 2244 2323 2378 2054 2182 2281 2336 2101 2403 2250 2010 2314 2132 1968 2148 2229 1966 2094 2210 2063 2480 2110 2229 2132 2039 1966 2266 2282 1971 2055 2116 2073 2279 2615 2362 2297 2082 2191 2243 1922 2377 2440 2082 2143 2452 1966 2152 2050 2592 2527 2443 2339 1871 2173 1985 2029 2266 2026 2110 2524 2000 2283 2365 2303 2115 2077 2242 2424
2353 2171 2133 2156 2202 2203 2151 2341 2373 2399 1961 2471 2235 2281 2180 2174 2349 2523 2370 2336 2010 1838 2326 2241 2189 1868 1958 2180 2342 2083 2077 2079 2155 2333 2403 1969 2104 2200 2547 2126 2264 2261 2160 2213 2372 2012 2012 2169 2096 2036 2256 2071 2366 2188 2333 2407 2094 1900 2516 2374 2145 1949 1916 2219 2187 2613 2153 2272 2176 1986 2378 2113 2384 2402 2094 2309 2519 1936 2252 1991 2494 2273 2384 2510 1777 2203 1888 2165 2292 2188 1972 2452 1951 2049 2394 2465 1885 2011 2155 2557
2241 1993 2191 2147 2063 2213 2227 2347 2547 2264 1941 2295 2063 2178 2131 2116 2312 2531 2265 2216 2008 1863 2238 2013 2027 1750 1861 2111 2244 2101 1910 2144 2200 2354 2519 1993 2176 2218 2387 2132 2402 2136 2224 2260 1928 2071 1989 2137 1996 1838 2212 1911 2205 2260 2180 2195 2010 1987 2372 2273 2060 1965 2004 2051 2169 2571 2273 2356 1988 2029 2309 1954 2215 2288 2102 2103 2344 1825 2205 1994 2391 2050 2227 2297 1744 2228 1794 2148 2254 1996 1839 2369 2047 2120 2406 2469 1915 1992 2082 2463
2187 2019 1925 1885 1916 2061 1859 2204 2188 2064 1805 2123 2029 2105 2127 2019 2142 2367 2125 2158 1939 1854 2237 2006 2032 1718 1762 1862 2140 2022 1830 1987 2035 2115 2234 1760 2019 2048 2222 1668 2165 2007 1834 2034 2108 1918 1931 1824 1913 1752 2044 1990 2074 1846 2209 1989 1810 1744 2337 2141 1925 1650 1827 1869 2084 2328 2014 2097 2095 1847 2091 1918 2269 2154 1919 2054 2350 1723 1909 1776 2300 2080 2019 2123 1838 1986 1831 2005 2159 2015 2055 2193 1730 2126 2118 2140 1831 1903 1824 2271
2104 1919 1928 1877 1863 1847 1923 2125 2165 1994 1698 2195 2037 2018 2044 1917 2159 2229 2117 2278 1913 1796 1973 1922 1869 1652 1687 2005 1922 2065 1788 2064 2068 2099 2332 1775 2070 1941 2023 1829 2106 2064 2084 2156 1859 1931 1864 1876 1796 1747 1907 1979 2075 1871 1959 1958 1679 1804 2246 2016 1940 1599 1820 1824 1884 2310 2284 2058 1804 1821 2256 1801 2076 2132 1910 1989 2134 1764 1900 1766 2261 1962 2043 2219 1575 1863 1639 2017 1999 1878 1768 2169 1804 2045 2089 2152 1629 1752 1690 2212
2147 1906 2049 2004 1863 1936 1876 2080 2093 2086 1737 2340 1898 2037 1918 1868 2150 2276 2125 2082 1938 1821 2004 2107 1932 1638 1896 1932 2056 2020 1910 1912 2034 2063 2052 1779 1977 1947 2008 1795 2147 2023 1707 2051 2046 1767 1859 2005 1899 1981 2178 1997 2144 1867 2026 2001 1792 1810 2153 1962 1818 1923 1739 1899 2028 2160 2026 2114 1800 1924 2173 1726 2053 2081 1863 2175 2090 1817 2007 1907 2213 2039 2146 2252 1588 1714 1752 1886 1961 2005 1783 2084 1693 1916 2233 2193 1807 1868 1918 2094
1768 1764 1696 1785 1644 1731 1673 1890 1937 1829 1594 2106 1628 1697 1761 1815 1892 1952 1997 2042 1789 1643 1998 1830 1772 1419 1630 1706 1683 1904 1648 1689 1795 1844 1974 1525 1865 1782 1806 1569 1831 1699 1753 1744 1633 1649 1691 1823 1483 1552 1828 1666 1833 1831 1783 1671 1540 1578 1844 1712 1678 1596 1585 1752 1824 2099 1850 1756 1602 1545 1826 1664 1860 1787 1719 1542 1910 1649 1792 1679 2058 1752 1934 1908 1427 1765 1591 1692 1908 1793 1494 1990 1605 1861 1975 1965 1454 1633 1797 1944
2056 1903 1996 1976 1967 2078 2003 2256 2195 2142 1973 2228 1922 2092 2035 2015 2315 2363 2245 2256 2099 1943 2187 1999 2130 1753 1752 1942 2242 2171 1887 2036 2170 2163 2237 1968 2215 2056 2311 1802 2075 2032 2062 2052 1969 2075 1985 2063 1840 1931 2151 1795 2197 1966 2104 2139 1802 1810 2125 2118 1945 1992 2090 2032 2132 2464 2091 1902 1869 1936 2239 1786 2271 1921 2057 1964 2129 1827 1992 1877 2161 2107 2184 2170 1809 2020 1845 2111 2207 2046 1878 2266 1806 2108 2425 2262 1850 2036 2153 2230
1910 1699 1914 1751 1612 1804 1730 1933 1866 1670 1607 2035 1622 1835 1820 1696 1937 2002 1876 1875 1761 1743 1696 1800 1830 1516 1566 1749 1888 1880 1701 1758 2003 1839 1951 1661 1962 1749 1735 1615 2006 1570 1606 1857 1841 1714 1698 1704 1589 1717 1825 1754 1916 1652 1653 1769 1701 1548 2025 1837 1744 1566 1583 1582 1774 2019 1949 1890 1724 1781 1788 1623 2077 1886 1867 1825 1910 1419 1799 1803 2045 1954 1845 2038 1473 1709 1429 1773 1931 1861 1563 1846 1631 1841 1803 1987 1749 1563 1753 1851
2167 2138 2085 2108 2252 2108 2097 2415 2189 2171 2011 2401 2194 2132 2428 2189 2225 2471 2367 2481 2077 2026 2406 2276 2216 1770 1921 2150 2300 2407 2046 2105 1985 2421 2392 1936 2125 2120 2322 1954 2287 2102 1947 2198 2177 2107 2129 1997 2004 2036 2067 2254 2380 1992 2213 2138 1955 1875 2400 2301 2021 1946 1987 1953 2231 2536 2253 2190 2173 2089 2385 1846 2353 2294 2141 2119 2454 1941 2125 2002 2434 2395 2388 2344 1860 2200 1793 2313 2196 2069 2027 2181 1855 2179 2142 2362 1961 2051 2072 2419
1792 1811 1777 1863 1889 1732 1770 2114 2007 1807 1851 2076 1722 1978 1900 1808 1841 2152 1977 2087 1965 1667 1976 1893 1988 1461 1567 1677 2029 2024 1774 1755 1899 1945 2262 1682 1977 1846 2109 1554 2046 1811 1892 1810 1925 1800 1718 1816 1750 1723 1920 1900 2032 1757 1875 1764 1649 1670 2026 1964 1823 1602 1727 1700 1913 2201 1790 1925 1744 1929 1854 1862 2090 1845 1974 1731 2046 1704 1994 1668 2130 2014 1966 2034 1617 1743 1648 1929 2026 1990 1688 2039 1803 1990 1985 2050 1528 1777 1673 2066
2360 2292 2220 2253 2413 2168 2029 2640 2454 2354 2264 2519 2152 2464 2412 2306 2399 2570 2528 2322 2322 2132 2413 2380 2375 1892 2068 2168 2439 2469 2246 2200 2402 2628 2532 2118 2320 2185 2666 2212 2453 2420 2192 2280 2344 2309 2293 2400 2131 2185 2582 2195 2545 2220 2414 2312 2099 2052 2470 2243 2336 2085 2281 2248 2378 2665 2447 2510 2030 2428 2470 2297 2562 2463 2171 2326 2333 2162 2545 2259 2663 2474 2382 2395 2185 2276 2206 2345 2609 2124 2399 2502 2129 2390 2564 2476 2134 2303 2282 2429
2324 2081 2105 2212 2270 1938 2161 2469 2409 2256 2050 2363 2254 2266 2278 2017 2306 2598 2336 2375 2102 1895 2173 2261 2300 1760 1961 2153 2316 2340 2077 2149 2352 2385 2377 2025 2282 2101 2378 2099 2323 2295 2283 2270 2121 2109 2045 2228 1912 1935 2231 2116 2386 2176 2153 2267 1997 1933 2411 2149 2044 1997 2150 2012 2162 2516 2384 2245 2151 2093 2390 2054 2375 2208 1975 2257 2344 1964 2168 2016 2513 2402 2375 2363 1814 2111 1929 2210 2372 2197 2160 2381 1985 2190 2423 2397 1890 2063 2107 2292
2266 1983 2144 2029 1974 2088 2131 2214 2192 2210 1818 2207 1836 2177 2012 2059 2132 2275 2273 2235 1945 1804 2115 2075 2002 1785 1923 1940 2242 1960 1873 2070 2120 2274 2257 1997 2089 1995 2257 2003 1956 2052 1994 2067 2078 2029 1996 2054 1902 1897 2092 2026 2154 1994 2054 2188 2111 1710 2250 2057 1983 1822 1858 1986 2003 2329 2302 2145 1799 2001 2181 1962 2313 2197 2010 1955 2275 1698 2123 1943 2417 2198 2138 2174 1701 2047 1602 2037 2156 1911 1880 2185 1892 2019 2077 2135 1733 1951 1910 2374
2023 1954 1948 1852 2078 1868 1844 2105 2062 2035 1898 2170 1982 2164 1952 2031 1962 2281 2083 2097 1963 1720 2018 1924 2103 1739 1635 2139 2110 1939 1778 1878 2116 2094 2252 1636 1873 1876 2326 1730 2126 1898 1954 2034 2026 1944 1864 1883 2026 1777 2162 1864 2212 1932 2062 2060 1772 1857 2314 2116 1962 1739 1891 1899 1938 2222 2164 2110 1847 2009 2228 1888 2119 2097 1931 2047 2149 1841 2119 1759 2204 2107 1970 2214 1673 1888 1825 2011 2076 1897 1984 2055 1828 2032 2091 2099 1837 1855 1930 2225
2014 2038 1940 2119 1909 1940 1814 2065 2061 2074 1924 2176 2090 2095 1876 2013 2135 2312 2074 2176 1746 1844 2138 2148 1900 1575 1767 1896 2179 1956 1839 2018 1891 2143 2147 1867 1929 1903 2182 1856 2081 2132 1807 2121 1963 1991 2067 2005 1969 1858 1903 1752 2060 1944 2078 2129 1833 1789 2097 1955 1829 1882 1734 1975 2018 2265 1876 2137 1906 1873 1969 1634 2139 1986 1802 1714 2131 1896 1942 1943 2196 2049 2156 2119 1710 1970 1621 1981 2012 1990 1957 2164 1700 1991 2285 2019 1724 1868 1977 2172
1986 1926 2248 2124 2073 2059 2083 2302 2111 2234 1852 2252 1957 2371 1995 1933 2264 2399 2282 2233 1988 1828 2202 2077 2096 1806 1900 2042 2175 2127 2062 2074 2145 2249 2391 1880 2145 2121 2333 1970 2142 2017 1913 2054 2065 2145 1999 1988 1969 1767 2327 2026 2223 2080 1955 2215 1963 1873 2203 2278 2020 1964 2119 1971 2051 2456 2100 2170 1936 2044 2349 1865 2018 2143 1936 1952 2172 1802 2186 2018 2464 2207 2212 2312 1824 2153 1702 2128 2139 1961 1979 2110 1928 2106 2319 2255 1808 2046 2091 2324
1931 1906 1929 2013 2151 1825 1985 2221 1883 2206 1781 2212 1747 2110 2019 1997 1949 2272 2045 2167 1956 1743 1979 1938 1984 1857 1820 1859 2035 1905 1977 1914 2024 2203 2152 1822 1901 1917 2131 1895 1933 1898 1702 2091 2074 1890 1852 1891 1876 1641 2065 1923 2131 1786 1942 2071 1898 1766 2153 1998 1822 1809 1765 1864 2056 2281 2101 2138 1883 1929 2128 1742 2143 2109 1949 1989 2153 1734 2048 1929 2153 2205 2117 2056 1724 1891 1644 2102 1970 1882 1835 2072 1756 1904 1935 2049 1800 1847 2040 2189
1776 1736 1797 1646 1680 1631 1650 1898 1787 1851 1722 1767 1740 1834 1836 1739 1832 2111 1767 1902 1673 1652 1837 1673 1568 1506 1597 1633 1742 1925 1769 1596 1861 1897 1840 1561 1785 1707 1898 1545 1770 1680 1615 1854 1697 1692 1694 1632 1496 1615 1742 1692 1793 1566 1773 1756 1529 1637 1860 1843 1519 1583 1678 1583 1775 2060 1810 1815 1648 1663 1734 1479 1894 1780 1655 1755 1988 1515 1707 1490 2038 1821 1767 1779 1519 1729 1483 1680 1750 1709 1718 1852 1550 1833 1941 1791 1801 1747 1642 1811
2170 2116 2032 2018 2098 2022 2091 2282 2191 2139 1911 2377 1923 2104 2313 2032 2153 2422 2205 2259 2136 1858 2232 2068 2192 1822 1835 2085 2120 2171 1900 2015 2147 2244 2323 1785 2323 2076 2142 1874 2211 1977 2046 2248 2116 1934 1949 2066 1800 1861 2164 2044 2257 1983 2152 2081 1734 1793 2343 2341 1948 1969 1903 1994 2054 2608 2210 2067 1952 2098 2267 1975 2309 2328 2131 2139 2299 1923 2111 1901 2378 2275 2170 2243 1924 2041 1795 2060 2230 2111 1926 2184 1842 1950 1982 2322 1878 1929 1905 2399
1911 1873 1860 1959 2024 1963 1823 2086 1961 2096 1776 2192 1952 2083 1969 2106 2017 2109 1982 2027 1773 1626 2071 1894 1876 1470 1653 1926 2033 1697 1752 1891 2054 2060 2053 1836 1937 1908 2060 1973 2012 1859 1825 2152 1901 1952 2017 1823 1753 1724 1823 1786 2090 1875 1912 2020 1701 1918 2123 1931 1809 1727 1859 1840 1873 2232 1988 1980 1876 1823 2166 1849 2133 2195 1869 1893 2149 1617 1878 1886 2137 1910 2013 2013 1635 2051 1615 1923 1970 1773 1740 2119 1786 2068 2068 2121 1828 1781 1949 2284
2031 2236 2094 2059 1975 2150 1973 2320 2198 2175 1958 2389 1948 2075 2120 2197 2240 2463 2230 2183 2004 1897 2264 2019 2124 1753 1906 2038 2243 2105 1790 1912 2051 2188 2347 1764 2251 2094 2341 1949 2499 1948 2028 2059 2123 1999 1976 2047 1965 1789 2121 2009 2167 1983 1928 2054 1938 1855 2307 2164 1924 1919 1951 2051 2223 2495 2061 2189 1946 2049 2115 1763 2356 2245 2006 1882 2374 1860 2087 1840 2404 2138 2089 2272 1878 2109 1844 2175 2060 1979 1972 2201 1843 2110 2256 2346 2055 1958 2015 2245
1878 1941 1955 2164 1977 2072 1858 2198 1973 1899 1858 2166 2006 2194 1983 2074 2087 2210 2055 2092 1940 1833 2044 2134 2097 1756 1772 2025 2066 2058 1871 1952 2053 2343 2282 1874 1888 2005 2169 1896 2116 1957 2006 2065 1871 1958 2057 1982 1847 1757 2087 2015 2118 1948 1918 2193 1892 1910 2123 2151 1997 1775 1851 1951 2006 2374 1987 2041 1796 1955 2117 1856 2079 2158 2152 1861 2076 1771 1965 1931 2322 2152 2069 2208 1823 1910 1728 2048 2142 1855 1933 2120 2039 2066 2072 2177 1573 1788 1898 2215
1944 1754 1812 1656 1810 1755 1779 1935 1894 1881 1713 1941 1650 1897 1867 1795 1928 2247 1801 1941 1867 1738 1893 1795 1896 1499 1617 1768 1952 1879 1623 1809 1791 2090 2054 1692 1804 1776 1919 1693 1970 1767 1733 1882 1748 1821 1822 1822 1788 1602 1966 1792 1922 1731 1890 1845 1616 1579 1966 1941 1815 1609 1705 1823 1873 2193 1900 1996 1562 1779 1918 1574 2091 1779 1738 1722 2023 1809 1876 1678 2039 1925 1937 1984 1729 1829 1610 1863 1787 1702 1791 1942 1703 1795 1945 1879 1810 1786 1716 1968
1874 1856 1865 1986 1910 1874 1716 1970 1846 1861 1745 2213 1660 2076 1938 1961 1975 2159 1869 1995 1854 1690 1932 1920 1996 1589 1637 1737 1902 1885 1895 1744 1870 2229 2071 1689 2066 1871 1883 1762 2067 1819 1730 1917 1995 1729 1874 1882 1825 1746 1891 2012 2079 1768 1898 1943 1710 1828 1969 1910 1804 1710 1696 1871 1884 2254 1819 1987 1716 2042 1907 1793 2163 2005 2010 1694 2058 1757 1906 1856 2011 2195 2011 1980 1721 1832 1616 1875 1904 1880 1933 1963 1897 1924 1944 2012 1685 1802 1723 2121
1932 1875 1896 1965 1999 1967 1829 2098 1957 1979 1839 2269 1853 2082 1913 1898 1899 2279 2167 2072 1786 1584 2088 2105 2136 1693 1805 1961 2055 1999 1768 1864 1879 2070 2142 1699 1955 1925 2207 1931 2172 1901 1849 1994 2137 1898 1928 1886 1917 1809 2139 1924 2017 1865 2066 2031 1832 1721 2219 2021 1783 1729 1682 2018 2003 2272 1867 2080 1892 1903 2105 1716 2169 2002 1956 1925 2144 1706 2019 1740 2172 2102 1967 2067 1633 2011 1776 1910 1822 1861 1927 2191 1822 1957 2203 2103 1941 1909 2037 2082
2160 2169 2180 2116 2182 2088 2255 2409 2369 2322 2033 2268 2031 2138 2197 2177 2358 2422 2312 2395 2248 1938 2302 2064 2165 1753 2043 2072 2430 2477 1956 2077 2267 2278 2431 2074 2294 2077 2391 2017 2346 2157 2150 2114 2086 2238 2131 2198 2051 2076 2328 2085 2229 2098 2222 2257 2033 2009 2391 2195 1989 1886 1893 1995 2268 2400 2310 2281 1960 2219 2361 1993 2417 2281 2146 2054 2417 1993 2296 2166 2376 2150 2270 2399 1940 2199 1842 2308 2353 2035 2001 2268 1939 2084 2329 2389 2046 2157 2069 2312
2510 2236 2212 2165 2172 2376 2223 2561 2428 2315 2022 2595 2220 2397 2258 2162 2382 2549 2523 2315 2218 2097 2411 2372 2314 1837 1949 2199 2440 2219 2204 2293 2237 2494 2531 2090 2396 2325 2535 2166 2549 2329 2212 2527 2221 2214 2353 2204 2138 2088 2320 2154 2414 2380 2295 2379 2130 2074 2426 2251 2371 2112 2125 2245 2400 2730 2306 2447 2054 2143 2445 1966 2541 2294 2082 2180 2390 1999 2310 2101 2610 2512 2348 2517 1892 2285 1820 2365 2275 2204 2125 2558 2157 2261 2562 2457 2120 2103 2171 2476
2350 2246 2452 2345 2309 2388 2185 2434 2339 2318 2133 2383 2341 2405 2299 2370 2382 2648 2317 2354 2281 2110 2266 2401 2397 1936 2079 2130 2448 2391 2194 2211 2347 2662 2568 2135 2178 2190 2641 2124 2360 2275 2279 2378 2360 2211 2173 2226 2136 2130 2190 2404 2392 2003 2278 2370 2101 1920 2696 2403 2117 2075 2083 2173 2317 2624 2252 2403 2027 2325 2430 2023 2497 2367 2282 2254 2476 2154 2249 2108 2613 2384 2480 2429 2046 2272 1899 2391 2367 2324 2092 2357 1975 2246 2445 2332 2035 2184 2260 2503
2269 2202 2185 2168 2064 2229 1958 2281 2264 2124 1853 2174 1956 2037 2066 2109 2343 2357 2210 2303 2142 1966 2146 2016 2202 1761 1884 1891 2188 2238 1893 2087 2052 2283 2389 1813 2029 2097 2273 1918 2166 1945 2112 2123 2070 1877 2027 1923 1952 1980 2254 2139 2121 2052 2222 2251 1915 1875 2362 2338 1952 1872 1910 2033 2163 2357 2162 2164 1998 1986 2076 2017 2389 2329 1989 2068 2483 1919 2110 1949 2490 2106 2096 2394 1952 2062 1985 2189 2410 1954 1823 2199 1742 2024 2175 2165 1792 1907 1992 2393
2321 2123 2211 2300 2189 2309 2058 2510 2387 2391 2073 2478 2202 2239 2217 2305 2424 2666 2385 2369 2106 1956 2348 2280 2224 1692 2025 2073 2483 2381 1969 2111 2397 2428 2553 2074 2260 2090 2398 2091 2362 2339 2130 2157 2278 2188 2176 2340 2030 2002 2356 2168 2248 1944 2103 2193 1961 2033 2327 2244 2072 2031 2149 2179 2188 2689 2163 2194 1886 2138 2370 2000 2493 2437 2242 2107 2549 2101 2225 2162 2458 2053 2617 2420 1979 2190 1922 2109 2232 2158 2104 2475 2134 2246 2576 2613 2017 2185 2150 2461
2154 2161 1776 2065 1964 1988 1880 2233 1973 2095 1974 2078 1763 2134 2014 2051 2103 2281 2156 2024 1831 1690 2075 1849 2138 1626 1769 1901 2172 2102 1759 1825 1956 2012 2229 1686 2025 1877 2135 1957 2133 1850 1840 2071 2013 1934 1947 1868 2037 1852 2162 1987 2191 1735 2093 1925 1732 1784 2217 2023 1698 1822 1737 1913 1951 2448 2042 1991 1730 1935 2221 1822 2121 2106 1863 2086 2161 1994 2033 1766 2378 2174 1975 2102 1790 1989 1830 1875 2202 1806 1939 2220 1670 1999 2023 2195 1885 1876 1930 2236
2144 1978 2069 1881 2012 1837 2039 2107 2006 2213 1932 2242 1934 2026 2111 2024 2022 2391 2163 2228 2053 1898 2129 2032 2156 1810 1923 2076 2055 2170 1858 1993 1980 2287 2213 1839 2059 1993 2146 1829 1949 2000 1852 2135 2086 2028 2022 1906 1877 1852 2191 1946 2182 1957 2066 2222 1879 1726 2168 1883 1801 1961 1792 2145 2195 2233 2200 2029 1972 1954 2256 1713 2139 2075 1861 1992 2207 1918 1873 1957 2204 2216 2195 2238 1664 1955 1831 2107 2081 1938 1936 2105 1721 1979 2137 2094 1997 2014 1979 2001
2164 1952 2254 1978 2158 1958 2117 2283 2220 2086 2129 2184 1984 2109 2121 2027 2192 2419 2090 2321 2110 2013 2218 2027 2040 1688 1801 2181 2272 2268 2002 2144 2073 2458 2424 1910 2094 2169 2346 1952 2188 2080 1960 2023 2069 2154 2110 2211 1978 2068 2064 1962 2329 2052 2180 2236 2032 1824 2340 2026 2125 1956 1908 1935 2164 2324 2182 2164 2052 2137 2202 1900 2263 2176 2021 1968 2295 1969 2192 2079 2215 2214 2247 2274 1799 2190 1835 2251 2246 1964 2005 2331 2026 2094 2244 2300 1924 1953 2003 2169
1914 1963 1994 1960 1929 1918 1823 2185 2035 2056 1801 1980 1818 2086 2007 1885 2029 2189 2017 2042 1818 1812 2029 2019 1907 1640 1766 1982 2116 2029 1678 1866 1931 2104 2244 1789 1950 1803 2108 1811 2206 1851 1834 1955 1909 1941 1907 1955 1843 1588 2132 1731 2123 1792 1938 1979 1777 1775 2230 2077 1857 1670 1710 1874 1965 2226 1929 2119 1800 1847 1930 1789 2133 1960 2007 1966 2168 1745 2175 1852 2251 2021 1884 2073 1830 1964 1664 2139 2069 1854 1791 2088 1830 2075 2028 2075 1832 1854 1968 2025
2056 1988 2178 2017 1940 1966 1932 2288 2241 2207 2011 2249 2044 2138 2170 2108 2139 2399 2200 2259 1963 1878 2078 2048 2162 1864 1945 2053 2123 2271 1984 1943 2184 2385 2268 1909 2019 1994 2247 1750 2210 2068 2018 2150 2032 1975 1940 2098 1895 1815 2170 2021 2212 1928 2139 1962 1835 1860 2375 2199 2008 1944 1960 2027 2145 2433 2259 2226 2020 2068 2139 1874 2314 2203 2109 2033 2267 1890 2129 2040 2310 2115 2183 2005 1858 1967 1760 2109 2245 2086 2006 2209 1925 2051 2236 2213 1827 1910 2118 2236
1957 1892 1768 1917 1967 1636 1685 2043 1937 1826 1857 2021 1588 1956 1789 1770 1827 2092 1780 1917 1839 1629 1958 1747 1839 1456 1680 1831 1904 1902 1644 1846 1905 1971 2229 1646 1878 1879 2142 1734 2002 1826 1959 1998 1759 1865 1726 1902 1615 1639 1942 1817 2031 1851 2086 1900 1730 1637 2040 2006 1751 1617 1698 1805 1953 2185 1969 2002 1759 1791 2005 1808 1971 1863 1706 1779 1985 1745 1906 1654 2184 2033 1883 1869 1659 1919 1653 1896 1928 1821 1782 2099 1640 1830 1896 1886 1691 1739 1831 1953
1984 1949 2130 1979 2047 2047 1991 2357 2178 2057 1828 2159 1785 2213 1890 1949 1969 2397 2165 2163 1980 1802 2240 1947 2151 1882 1790 1927 2201 2079 1926 1867 2103 2271 2313 1739 2115 2194 2325 1833 2146 1849 2002 1997 2061 2032 1901 1982 1923 1758 2115 1845 2137 1990 1891 2152 1957 1704 2248 2119 1965 1817 1877 1833 2017 2381 2019 2115 1859 2145 2101 1870 2171 2029 2021 1947 2175 1714 2050 1708 2447 2198 2008 2213 1748 1982 1736 2083 2197 2098 1893 2341 1876 2091 2109 2153 1752 1770 1889 2215
2092 1983 1969 1902 1993 1852 1923 2216 2076 2014 1803 2138 1704 2067 2028 1704 1937 2341 2262 2082 2141 1802 2036 1945 2100 1631 1728 1837 2008 2028 1928 1907 1973 2011 2321 1760 2062 1959 2068 1570 2065 1753 1814 1957 1816 2019 1767 1921 1783 1760 2060 1946 1954 1982 2070 2002 1690 1659 2212 2127 1868 1806 1887 1874 1926 2216 2090 1935 1882 1793 2169 1799 2060 2063 1829 1965 2095 1717 1992 1617 2259 2104 1996 2042 1604 1851 1621 2008 2010 1878 1784 2169 1814 2008 1971 2075 1763 1757 1806 2045
1974 1842 1976 1839 1796 1816 1909 2115 1970 1952 1686 2033 1977 1829 1833 1758 1929 2141 1976 1989 1764 1524 2142 2013 1899 1529 1717 1832 2046 1898 1790 1868 1912 1972 2058 1803 1875 1818 1979 1809 1932 1943 1759 1808 1946 1951 1730 1817 1729 1711 1934 1807 2070 1812 1956 1908 1602 1650 2054 1771 1768 1585 1722 1811 1739 2151 1946 2105 1767 1867 1967 1752 2046 2011 1772 2012 1983 1712 1935 1804 2224 1972 2013 1992 1512 1807 1624 1750 1986 1854 1695 2073 1661 1913 1956 1981 1697 1784 1789 2002
1946 2053 2087 1967 1956 1885 2019 2295 2014 2165 1911 2295 1984 2147 1903 1992 2104 2301 2113 2257 2003 1813 2101 2108 2049 1804 1842 1856 2101 2022 2019 1961 1973 2235 2163 1712 2018 2104 2342 1762 2109 1933 1966 1974 2179 1954 1824 2121 1892 1793 2041 1936 2052 1806 2045 2141 1962 1793 2177 2137 1990 1829 1908 1987 1969 2417 2103 2112 1824 2074 2083 1789 2281 2190 2001 1873 2367 1832 2105 1847 2389 2269 2067 2165 1802 1865 1698 1935 2045 2022 1937 2094 1918 1981 2189 2093 1686 1818 1997 2064
2043 2085 2096 2010 1906 1990 2016 2196 2139 1978 1912 2281 1919 2030 1922 1960 2000 2341 2186 2209 1863 1787 2164 2024 2035 1736 1843 1955 2180 2038 1893 1905 2158 2254 2134 2007 2075 1863 2200 1930 2200 1999 1864 2073 2044 1949 1968 2072 1864 1820 2129 1907 2223 2029 2032 2012 1844 1873 2212 2065 1939 1992 1829 1926 1960 2503 2061 2172 1845 1947 2137 1792 2089 2059 1947 1951 2232 1868 2189 1865 2290 2062 2139 2116 1755 1819 1717 2084 2077 2020 1946 2179 1913 1904 2150 2134 1811 1932 1904 2388
1593 1698 1708 1763 1735 1719 1685 1824 1799 1717 1686 1872 1615 1813 1776 1761 1954 1861 1777 1855 1724 1570 1773 1627 1768 1373 1472 1678 1810 1757 1610 1678 1850 1891 2004 1814 1714 1663 1888 1629 1851 1711 1626 1716 1704 1787 1689 1763 1638 1712 1683 1624 1939 1656 1879 1598 1455 1586 1942 1658 1666 1515 1537 1542 1741 2022 1737 1938 1611 1658 1847 1747 1845 1764 1715 1636 1820 1623 1790 1691 1921 1715 1864 1777 1559 1783 1542 1792 1980 1679 1596 1980 1660 1769 1862 1856 1550 1679 1760 1943
2177 2084 2171 2186 2180 2128 2114 2409 2302 2082 2071 2491 1983 2271 2153 2138 2192 2551 2370 2464 2063 2032 2341 2218 2235 1879 2137 2194 2291 2504 2149 2134 2308 2405 2333 1933 2157 2161 2423 1980 2374 2135 2074 2190 2201 2145 2184 2170 2183 2118 2288 2129 2395 2076 2311 2140 2052 1906 2478 2246 1977 2035 2018 2078 2273 2674 2223 2249 2106 2109 2248 1969 2382 2162 2055 2086 2486 1920 2308 2150 2383 2260 2345 2314 1942 2065 2013 2261 2183 2233 2158 2381 1963 2154 2508 2515 2132 2101 2230 2421
2005 1749 1983 1831 1905 1828 1940 1924 1874 2018 1759 1927 1721 1868 1867 1798 1863 2213 2024 1957 1759 1632 1939 1889 1838 1675 1781 1842 2043 1820 1776 1780 1951 2190 2102 1629 1911 1801 2269 1682 1978 1934 1877 1984 1798 1599 1769 1747 1670 1543 1914 1790 2064 1913 1894 1985 1788 1603 2061 1931 1749 1759 1672 1867 1963 2255 1934 2000 1708 1832 1995 1697 1966 1800 1696 1971 2187 1732 2063 1551 2037 1992 1903 2020 1612 1852 1592 2026 1914 1797 1840 1887 1646 1772 2031 1966 1755 1726 1769 2036
